7450-184024
OS REV: 1.05 Sensor Cal: 1629386966
Time (sec),  BV (Volts),  T (deg C),  DO (mg/l),  Q ()
1658718660,+3.47, +7.624,+11.290,+0.944
1658719560,+3.48, +7.729,+11.238,+0.944
1658720460,+3.48, +7.805,+11.197,+0.943
1658721360,+3.48, +7.881,+11.161,+0.943
1658722260,+3.48, +7.937,+11.136,+0.943
1658723160,+3.48, +7.994,+11.131,+0.944
1658724060,+3.48, +8.070,+11.089,+0.944
1658724960,+3.48, +8.098,+11.081,+0.944
1658725860,+3.48, +8.136,+11.055,+0.944
1658726760,+3.48, +8.183,+11.028,+0.944
1658727660,+3.48, +8.183,+11.026,+0.944
1658728560,+3.48, +8.202,+11.020,+0.944
1658729460,+3.48, +8.221,+11.019,+0.944
1658730360,+3.48, +8.192,+11.021,+0.944
1658731260,+3.48, +8.192,+10.998,+0.944
1658732160,+3.48, +8.173,+11.001,+0.944
1658733060,+3.48, +8.145,+11.007,+0.944
1658733960,+3.48, +8.107,+11.027,+0.944
1658734860,+3.48, +8.060,+11.036,+0.944
1658735760,+3.48, +8.004,+11.041,+0.944
1658736660,+3.48, +7.937,+11.065,+0.944
1658737560,+3.48, +7.862,+11.080,+0.944
1658738460,+3.48, +7.786,+11.115,+0.944
1658739360,+3.48, +7.738,+11.129,+0.944
1658740260,+3.48, +7.653,+11.156,+0.944
1658741160,+3.47, +7.596,+11.169,+0.944
1658742060,+3.48, +7.548,+11.191,+0.944
1658742960,+3.48, +7.519,+11.186,+0.944
1658743860,+3.48, +7.481,+11.208,+0.944
1658744760,+3.48, +7.434,+11.225,+0.944
1658745660,+3.48, +7.434,+11.218,+0.944
1658746560,+3.48, +7.367,+11.244,+0.943
1658747460,+3.48, +7.338,+11.255,+0.944
1658748360,+3.48, +7.300,+11.275,+0.944
1658749260,+3.48, +7.261,+11.265,+0.944
1658750160,+3.48, +7.194,+11.292,+0.944
1658751060,+3.48, +7.137,+11.312,+0.944
1658751960,+3.48, +7.070,+11.335,+0.944
1658752860,+3.48, +7.022,+11.342,+0.944
1658753760,+3.48, +6.964,+11.365,+0.944
1658754660,+3.48, +6.906,+11.377,+0.943
1658755560,+3.48, +6.877,+11.385,+0.943
1658756460,+3.48, +6.819,+11.430,+0.944
1658757360,+3.48, +6.790,+11.422,+0.943
1658758260,+3.48, +6.771,+11.435,+0.944
1658759160,+3.48, +6.732,+11.447,+0.944
1658760060,+3.48, +6.713,+11.448,+0.943
1658760960,+3.48, +6.674,+11.461,+0.944
1658761860,+3.48, +6.606,+11.499,+0.944
1658762760,+3.48, +6.626,+11.494,+0.943
1658763660,+3.48, +6.568,+11.531,+0.944
1658764560,+3.48, +6.548,+11.538,+0.943
1658765460,+3.48, +6.529,+11.567,+0.943
1658766360,+3.48, +6.519,+11.591,+0.944
1658767260,+3.48, +6.480,+11.614,+0.943
1658768160,+3.48, +6.500,+11.619,+0.943
1658769060,+3.48, +6.480,+11.648,+0.944
1658769960,+3.48, +6.490,+11.644,+0.943
1658770860,+3.48, +6.461,+11.675,+0.944
1658771760,+3.48, +6.470,+11.666,+0.943
1658772660,+3.48, +6.480,+11.685,+0.944
1658773560,+3.48, +6.480,+11.685,+0.943
1658774460,+3.48, +6.490,+11.684,+0.943
1658775360,+3.48, +6.519,+11.683,+0.943
1658776260,+3.48, +6.529,+11.686,+0.943
1658777160,+3.48, +6.509,+11.701,+0.943
1658778060,+3.48, +6.519,+11.709,+0.944
1658778960,+3.48, +6.519,+11.689,+0.944
1658779860,+3.48, +6.558,+11.682,+0.944
1658780760,+3.48, +6.587,+11.654,+0.944
1658781660,+3.48, +6.587,+11.645,+0.943
1658782560,+3.48, +6.587,+11.635,+0.943
1658783460,+3.48, +6.655,+11.657,+0.944
1658784360,+3.48, +6.713,+11.664,+0.943
1658785260,+3.48, +6.771,+11.618,+0.943
1658786160,+3.48, +6.781,+11.629,+0.944
1658787060,+3.48, +6.838,+11.626,+0.944
1658787960,+3.48, +6.896,+11.618,+0.944
1658788860,+3.48, +7.012,+11.610,+0.945
1658789760,+3.48, +7.089,+11.576,+0.944
1658790660,+3.48, +7.137,+11.555,+0.944
1658791560,+3.48, +7.185,+11.531,+0.943
1658792460,+3.48, +7.242,+11.513,+0.944
1658793360,+3.48, +7.309,+11.505,+0.944
1658794260,+3.48, +7.357,+11.499,+0.944
1658795160,+3.48, +7.424,+11.492,+0.944
1658796060,+3.48, +7.472,+11.474,+0.944
1658796960,+3.48, +7.538,+11.441,+0.944
1658797860,+3.48, +7.548,+11.430,+0.944
1658798760,+3.48, +7.596,+11.399,+0.944
1658799660,+3.48, +7.634,+11.384,+0.944
1658800560,+3.48, +7.662,+11.371,+0.944
1658801460,+3.48, +7.691,+11.335,+0.944
1658802360,+3.48, +7.700,+11.323,+0.944
1658803260,+3.48, +7.748,+11.304,+0.945
1658804160,+3.48, +7.776,+11.272,+0.944
1658805060,+3.48, +7.795,+11.236,+0.944
