7450-991574
OS REV: 1.05 Sensor Cal: 1629218772
Time (sec),  BV (Volts),  T (deg C),  DO (mg/l),  Q ()
1664619420,+3.45, +1.697,+12.949,+0.978
1664620320,+3.45, +1.708,+12.947,+0.978
1664621220,+3.45, +1.697,+12.943,+0.978
1664622120,+3.45, +1.718,+12.933,+0.978
1664623020,+3.45, +1.729,+12.925,+0.978
1664623920,+3.45, +1.750,+12.911,+0.978
1664624820,+3.45, +1.740,+12.903,+0.977
1664625720,+3.45, +1.718,+12.919,+0.977
1664626620,+3.45, +1.718,+12.934,+0.978
1664627520,+3.45, +1.718,+12.906,+0.977
1664628420,+3.45, +1.718,+12.917,+0.978
1664629320,+3.45, +1.686,+12.930,+0.978
1664630220,+3.45, +1.622,+12.950,+0.978
1664631120,+3.45, +1.579,+12.956,+0.978
1664632020,+3.45, +1.504,+12.979,+0.977
1664632920,+3.45, +1.483,+12.998,+0.978
1664633820,+3.45, +1.440,+13.005,+0.978
1664634720,+3.45, +1.386,+13.017,+0.977
1664635620,+3.45, +1.332,+13.034,+0.977
1664636520,+3.45, +1.300,+13.042,+0.977
1664637420,+3.44, +1.235,+13.071,+0.977
1664638320,+3.44, +1.181,+13.099,+0.977
1664639220,+3.44, +1.159,+13.094,+0.977
1664640120,+3.44, +1.138,+13.098,+0.977
1664641020,+3.44, +1.138,+13.114,+0.978
1664641920,+3.44, +1.138,+13.107,+0.977
1664642820,+3.44, +1.159,+13.097,+0.977
1664643720,+3.44, +1.202,+13.089,+0.977
1664644620,+3.44, +1.246,+13.091,+0.978
1664645520,+3.45, +1.310,+13.065,+0.977
1664646420,+3.45, +1.353,+13.050,+0.977
1664647320,+3.45, +1.418,+13.035,+0.977
1664648220,+3.45, +1.450,+13.023,+0.977
1664649120,+3.45, +1.515,+13.015,+0.978
1664650020,+3.45, +1.568,+12.991,+0.977
1664650920,+3.45, +1.665,+12.964,+0.977
1664651820,+3.45, +1.793,+12.937,+0.978
1664652720,+3.45, +1.942,+12.900,+0.978
1664653620,+3.44, +2.059,+12.864,+0.978
1664654520,+3.44, +2.186,+12.825,+0.978
1664655420,+3.44, +2.302,+12.794,+0.978
1664656320,+3.44, +2.408,+12.766,+0.978
1664657220,+3.44, +2.492,+12.739,+0.978
1664658120,+3.45, +2.587,+12.730,+0.979
1664659020,+3.45, +2.691,+12.687,+0.979
1664659920,+3.45, +2.733,+12.685,+0.979
1664660820,+3.45, +2.827,+12.646,+0.979
1664661720,+3.45, +2.869,+12.634,+0.979
1664662620,+3.45, +2.963,+12.607,+0.979
1664663520,+3.45, +3.004,+12.587,+0.979
1664664420,+3.45, +3.077,+12.588,+0.980
1664665320,+3.45, +3.119,+12.561,+0.979
1664666220,+3.45, +3.160,+12.556,+0.979
1664667120,+3.45, +3.212,+12.527,+0.979
1664668020,+3.45, +3.243,+12.524,+0.979
1664668920,+3.45, +3.264,+12.522,+0.979
1664669820,+3.45, +3.285,+12.517,+0.980
1664670720,+3.45, +3.295,+12.492,+0.979
1664671620,+3.45, +3.295,+12.502,+0.979
1664672520,+3.45, +3.326,+12.484,+0.979
1664673420,+3.45, +3.326,+12.497,+0.980
1664674320,+3.45, +3.316,+12.497,+0.979
1664675220,+3.45, +3.326,+12.486,+0.979
1664676120,+3.45, +3.305,+12.495,+0.979
1664677020,+3.45, +3.295,+12.480,+0.979
1664677920,+3.45, +3.253,+12.507,+0.979
1664678820,+3.45, +3.222,+12.518,+0.979
1664679720,+3.45, +3.191,+12.511,+0.979
1664680620,+3.45, +3.150,+12.520,+0.979
1664681520,+3.45, +3.098,+12.540,+0.979
1664682420,+3.45, +3.046,+12.547,+0.979
1664683320,+3.45, +2.984,+12.556,+0.979
1664684220,+3.45, +2.890,+12.587,+0.979
1664685120,+3.45, +2.817,+12.615,+0.979
1664686020,+3.45, +2.754,+12.627,+0.979
1664686920,+3.45, +2.712,+12.657,+0.979
1664687820,+3.45, +2.649,+12.676,+0.979
1664688720,+3.45, +2.608,+12.667,+0.978
1664689620,+3.45, +2.524,+12.705,+0.979
1664690520,+3.45, +2.450,+12.736,+0.979
1664691420,+3.45, +2.439,+12.741,+0.979
1664692320,+3.45, +2.429,+12.749,+0.979
1664693220,+3.44, +2.355,+12.775,+0.979
1664694120,+3.45, +2.366,+12.767,+0.978
1664695020,+3.45, +2.345,+12.776,+0.979
1664695920,+3.45, +2.324,+12.769,+0.978
1664696820,+3.45, +2.292,+12.781,+0.978
1664697720,+3.45, +2.281,+12.794,+0.978
1664698620,+3.45, +2.271,+12.788,+0.978
1664699520,+3.45, +2.260,+12.812,+0.979
1664700420,+3.45, +2.271,+12.803,+0.978
1664701320,+3.45, +2.260,+12.796,+0.978
1664702220,+3.45, +2.292,+12.800,+0.979
1664703120,+3.45, +2.271,+12.813,+0.978
1664704020,+3.45, +2.281,+12.808,+0.979
1664704920,+3.45, +2.281,+12.807,+0.978
1664705820,+3.45, +2.281,+12.804,+0.979
